function xdot=clloop(t,x,u)

% g=9.81;m=1;I=1;w=1;
% u= [(m*g + sin(2*t*pi*w));0]; 

 Acl = [0 0 0 1.0 0 0;
        0 0 0 0 1.0 0;
        0 0 0 0 0 1.0;
        0 0 9.8000 0 0 0;
        0 -29.1600 0 0 -8.1000 0;
        -157.6800 0 -174.9000 -90.0582 0 -15.9000];

B = [0 0;
    0 0;
    0 0;
    0 0;
    1 0;
    0 1;]

xdot = Acl*x;
